[388]
[339]
[367]
[408]
[463, 473]
[466, 471]
[436, 450]
[455, 463]
[525, 536, 547]
[513, 527, 529]
[509, 519, 527]
[504, 520, 531]
[572, 578, 579, 582]
[554, 560, 563, 564]
[663, 671, 672, 677]
[597, 635, 645, 656]
[1081, 1128, 1139, 1133, 1145]
[837, 852, 886, 894, 907]
[783, 806, 829, 840, 868]
[667, 661, 683, 686, 811]
[863, 870, 871, 874, 864, 877]
[832, 845, 844, 861, 869, 902]
[851, 850, 864, 855, 868, 876]
[813, 837, 850, 853, 856, 863]
[993, 996, 1001, 996, 1001, 1015, 1006]
[986, 986, 997, 995, 1007, 1010, 1001]
[975, 991, 998, 1003, 1004, 995, 999]
[991, 1001, 1007, 1001, 1001, 1018, 1027]
[1135, 1137, 1155, 1160, 1164, 1155, 1159, 1170]
[1132, 1137, 1138, 1147, 1138, 1140, 1147, 1149]
[1115, 1127, 1132, 1129, 1131, 1141, 1135, 1152]
[1140, 1131, 1131, 1134, 1138, 1150, 1154, 1157]
